AER 2 KZN 3 2094 579 1394 
CEK 4 KZN 3 42313 648 1272 
EGO 5 KZN 3 18473 206 1097 
KZN 3 AER 2 8718 179 1297 
KZN 3 CEK 4 41470 150 872 
KZN 3 EGO 5 2075 257 846 
ARN 45 DUS 24 30306 391 763 
DUS 24 ARN 45 32727 1250 1262 
AMD 36 BOM 35 34313 642 1159 
AMD 36 DEL 34 14627 18 934 
BBI 37 BOM 35 45902 549 1231 
BBI 37 DEL 34 27439 309 904 
BDQ 38 BOM 35 4692 609 1364 
BDQ 38 DEL 34 36899 517 1011 
BOM 35 AMD 36 19329 391 1257 
BOM 35 BBI 37 27217 115 254 
BOM 35 BDQ 38 3277 112 910 
BOM 35 DEL 34 36623 78 182 
DEL 34 AMD 36 38759 132 557 
DEL 34 BBI 37 26698 230 630 
DEL 34 BDQ 38 32262 110 1079 
DEL 34 BOM 35 24705 369 748 
FUK 21 ICN 0 13460 404 685 
ICN 0 FUK 21 19565 1087 1364 
ICN 0 KIX 20 31988 246 1250 
ICN 0 NGO 19 28481 4 385 
ICN 0 NRT 18 29827 204 526 
KIX 20 ICN 0 31402 326 1345 
NGO 19 ICN 0 838 267 367 
NRT 18 ICN 0 40012 346 1113 
AMD 36 BOM 35 6155 379 806 
AMD 36 DEL 34 25511 133 406 
BDQ 38 BOM 35 47629 888 1285 
BOM 35 AMD 36 37603 396 1151 
BOM 35 BDQ 38 35038 187 970 
BOM 35 DEL 34 43858 133 372 
BOM 35 KUL 41 44198 171 296 
BOM 35 LHR 25 4427 26 1349 
BOM 35 NRT 18 3594 24 1223 
DEL 34 AMD 36 40759 101 687 
DEL 34 BOM 35 13240 675 730 
DEL 34 KUL 41 11770 386 558 
DEL 34 LHR 25 24588 186 1116 
KUL 41 BOM 35 44436 540 888 
KUL 41 DEL 34 19308 1216 1248 
LHR 25 BOM 35 28292 795 1335 
LHR 25 DEL 34 40206 133 201 
NRT 18 BOM 35 49830 817 1319 
ARN 45 LHR 25 6071 49 896 
BNA 11 JFK 9 12271 108 631 
BNA 11 LAX 10 21610 197 597 
BNA 11 MIA 13 27318 701 1160 
BOM 35 LHR 25 14646 584 670 
CDG 15 JFK 9 37133 554 1386 
CDG 15 KUL 41 24146 847 1433 
CDG 15 LHR 25 37193 133 1011 
CDG 15 MIA 13 7564 129 728 
DEL 34 LHR 25 14858 15 486 
DTW 12 MIA 13 48894 386 795 
DTW 12 PHX 14 46948 164 336 
DTW 12 YUL 31 38266 354 995 
DUS 24 JFK 9 34993 657 690 
DUS 24 LAX 10 48018 514 1209 
DUS 24 LHR 25 3030 393 665 
DUS 24 MIA 13 7333 88 1086 
FCO 43 JFK 9 6485 739 1326 
FCO 43 LHR 25 48976 478 543 
FRA 23 KUL 41 26475 135 1342 
FRA 23 LHR 25 49282 181 194 
FUK 21 NRT 18 3868 315 818 
GLA 27 LHR 25 12675 505 509 
GOT 46 LHR 25 8621 200 1407 
ICN 0 NRT 18 13598 775 1127 
JFK 9 BNA 11 5442 1128 1242 
JFK 9 CDG 15 36786 130 335 
JFK 9 DUS 24 31397 216 1367 
JFK 9 FCO 43 29177 1086 1221 
JFK 9 LAX 10 31580 1060 1381 
JFK 9 LHR 25 45073 219 339 
JFK 9 MIA 13 37943 462 1028 
JFK 9 NRT 18 17666 390 1271 
JFK 9 ORY 17 6907 1162 1323 
JFK 9 PHX 14 5528 121 1402 
JFK 9 YUL 31 30757 1052 1235 
JFK 9 YYC 29 19117 855 1253 
KUL 41 CDG 15 23479 4 1143 
KUL 41 FRA 23 34961 515 1417 
KUL 41 LHR 25 8837 711 1037 
KUL 41 NRT 18 23227 568 895 
LAX 10 BNA 11 30746 390 1067 
LAX 10 DUS 24 49342 99 738 
LAX 10 JFK 9 10861 1087 1296 
LAX 10 LHR 25 29562 408 860 
LAX 10 MIA 13 15706 253 745 
LAX 10 NRT 18 43273 1394 1426 
LAX 10 PHX 14 1194 127 358 
LAX 10 YVR 33 7118 621 636 
LAX 10 YYC 29 7437 85 513 
LHR 25 ARN 45 16846 254 560 
LHR 25 BOM 35 27551 266 969 
LHR 25 CDG 15 26222 713 1012 
LHR 25 DEL 34 17129 496 904 
LHR 25 DUS 24 33089 165 237 
LHR 25 FCO 43 34678 282 1264 
LHR 25 FRA 23 35992 554 1210 
LHR 25 GLA 27 40414 448 756 
LHR 25 GOT 46 36492 536 634 
LHR 25 JFK 9 15288 680 1208 
LHR 25 KUL 41 14973 652 1206 
LHR 25 LAX 10 35613 833 1267 
LHR 25 MIA 13 25564 57 1330 
LHR 25 MUC 22 4921 31 1137 
LHR 25 NCE 16 23647 489 752 
LHR 25 PHX 14 32290 121 521 
LHR 25 PSA 44 48680 646 797 
LHR 25 YUL 31 12292 617 971 
LHR 25 YVR 33 25812 761 1246 
LHR 25 YYC 29 43189 335 1182 
MIA 13 BNA 11 40626 33 314 
MIA 13 CDG 15 43210 62 1137 
MIA 13 DTW 12 44559 410 1367 
MIA 13 DUS 24 26810 262 1206 
MIA 13 JFK 9 13609 857 894 
MIA 13 LAX 10 40927 482 1135 
MIA 13 LHR 25 9263 113 121 
MIA 13 PHX 14 14425 34 478 
MIA 13 YUL 31 14277 77 589 
MUC 22 LHR 25 38946 282 506 
NCE 16 LHR 25 35681 315 932 
NGO 19 NRT 18 34552 411 822 
NRT 18 FUK 21 49934 690 876 
NRT 18 ICN 0 27497 594 1086 
NRT 18 JFK 9 39965 383 629 
NRT 18 KUL 41 35771 1162 1402 
NRT 18 LAX 10 3954 278 1004 
NRT 18 NGO 19 3846 977 1061 
NRT 18 YVR 33 7719 754 1276 
ORY 17 JFK 9 49964 833 1424 
PHX 14 DTW 12 19049 161 1085 
PHX 14 JFK 9 46658 770 1184 
PHX 14 LAX 10 30952 483 836 
PHX 14 LHR 25 1221 1046 1180 
PHX 14 MIA 13 15429 474 914 
PHX 14 YVR 33 33297 704 1288 
PHX 14 YYC 29 37863 115 820 
PSA 44 LHR 25 30085 717 1007 
YUL 31 DTW 12 7918 916 1395 
YUL 31 JFK 9 24095 772 1097 
YUL 31 LHR 25 34224 43 1439 
YUL 31 MIA 13 24514 243 924 
YVR 33 LAX 10 32955 885 1247 
YVR 33 LHR 25 36587 138 565 
YVR 33 NRT 18 23597 78 1264 
YVR 33 PHX 14 23333 62 1106 
YYC 29 JFK 9 20385 50 703 
YYC 29 LAX 10 49588 12 348 
YYC 29 LHR 25 45476 593 1122 
YYC 29 PHX 14 12757 267 1115 
DUS 24 FCO 43 28289 64 197 
DUS 24 JFK 9 28683 489 1181 
DUS 24 LAX 10 34826 671 1178 
DUS 24 MIA 13 34354 9 897 
DUS 24 MUC 22 13996 36 682 
DUS 24 NCE 16 34372 186 929 
DUS 24 STN 28 31025 996 1250 
FCO 43 DUS 24 46289 69 106 
FRA 23 LHR 25 36352 997 1090 
JFK 9 DUS 24 1077 561 836 
LAX 10 DUS 24 11495 131 581 
LHR 25 FRA 23 21446 238 1381 
LHR 25 MUC 22 17401 1029 1293 
LHR 25 ORY 17 2868 1108 1368 
MIA 13 DUS 24 28840 693 1037 
MUC 22 DUS 24 20587 311 1025 
MUC 22 LHR 25 26739 319 935 
NCE 16 DUS 24 38363 119 913 
ORY 17 LHR 25 15877 90 921 
PEK 8 NGO 19 49812 932 1219 
STN 28 DUS 24 3153 342 971 
CDG 15 YUL 31 3836 658 868 
FRA 23 YOW 32 26587 1225 1237 
FRA 23 YUL 31 25726 333 488 
FRA 23 YVR 33 46522 810 1327 
FRA 23 YYC 29 45914 502 509 
ICN 0 YVR 33 28330 454 1412 
LAX 10 YUL 31 27044 516 700 
LAX 10 YVR 33 37005 666 1107 
LAX 10 YYC 29 411 160 757 
LHR 25 YHZ 30 44813 74 506 
LHR 25 YOW 32 3374 136 1431 
LHR 25 YUL 31 35625 379 720 
LHR 25 YVR 33 43937 1239 1267 
LHR 25 YYC 29 17845 29 1271 
MUC 22 YUL 31 20903 102 1205 
MUC 22 YVR 33 8076 419 574 
NRT 18 YVR 33 35467 618 765 
NRT 18 YYC 29 33317 271 751 
PEK 8 YVR 33 43943 484 1432 
YHZ 30 LHR 25 41676 753 1065 
YHZ 30 YOW 32 16682 890 1422 
YHZ 30 YUL 31 8990 819 1242 
YOW 32 FRA 23 41322 296 1222 
YOW 32 LHR 25 4509 626 990 
YOW 32 YHZ 30 6003 264 671 
YOW 32 YUL 31 23798 463 901 
YOW 32 YVR 33 34890 1025 1219 
YOW 32 YYC 29 11743 269 1327 
YUL 31 CDG 15 26016 577 679 
YUL 31 FRA 23 45344 235 1200 
YUL 31 LAX 10 13442 65 513 
YUL 31 LHR 25 6059 33 578 
YUL 31 MUC 22 44752 343 1402 
YUL 31 YHZ 30 25134 278 482 
YUL 31 YOW 32 22109 891 1068 
YUL 31 YVR 33 4800 487 786 
YUL 31 YYC 29 36088 20 580 
YVR 33 AKL 39 18437 195 974 
YVR 33 FRA 23 1375 142 621 
YVR 33 ICN 0 3274 665 949 
YVR 33 LAX 10 4835 535 1324 
YVR 33 LHR 25 34268 925 1182 
YVR 33 MUC 22 3941 231 1438 
YVR 33 NRT 18 3223 120 836 
YVR 33 PEK 8 32598 280 736 
YVR 33 YOW 32 25932 817 1141 
YVR 33 YUL 31 9018 611 1231 
YVR 33 YYC 29 6695 266 620 
YYC 29 FRA 23 7446 1296 1309 
YYC 29 LAX 10 33982 134 1331 
YYC 29 LHR 25 48533 833 1194 
YYC 29 NRT 18 25600 584 598 
YYC 29 YOW 32 41064 1089 1148 
YYC 29 YUL 31 4954 24 788 
YYC 29 YVR 33 8874 946 1183 
ARN 45 CDG 15 46537 1032 1354 
BOM 35 CDG 15 8260 440 732 
CDG 15 ARN 45 43179 338 1274 
CDG 15 BOM 35 30348 1057 1386 
CDG 15 DEL 34 47071 772 1326 
CDG 15 DTW 12 36660 574 1303 
CDG 15 DUS 24 11812 135 1081 
CDG 15 FCO 43 25250 201 1136 
CDG 15 FRA 23 4803 51 1004 
CDG 15 GOT 46 38497 117 586 
CDG 15 ICN 0 15374 760 1377 
CDG 15 JFK 9 30438 263 314 
CDG 15 KIX 20 48443 740 842 
CDG 15 KUL 41 30917 154 1359 
CDG 15 LAX 10 17181 638 1303 
CDG 15 LHR 25 34054 317 1266 
CDG 15 MIA 13 43827 526 889 
CDG 15 MUC 22 32107 811 1355 
CDG 15 NCE 16 3529 613 830 
CDG 15 NRT 18 7573 99 1168 
CDG 15 PEK 8 13512 134 1157 
CDG 15 YUL 31 41401 9 431 
DEL 34 CDG 15 10331 458 479 
DTW 12 CDG 15 36898 1100 1273 
DTW 12 FRA 23 16021 889 1420 
DTW 12 LHR 25 40347 232 338 
DUS 24 CDG 15 17297 597 1177 
FCO 43 CDG 15 40774 1030 1286 
FCO 43 NCE 16 39454 21 958 
FRA 23 CDG 15 48215 774 1141 
FRA 23 DTW 12 30322 641 1177 
FRA 23 JFK 9 38665 19 501 
GOT 46 CDG 15 7028 742 872 
ICN 0 CDG 15 21842 683 787 
JFK 9 CDG 15 45106 199 866 
JFK 9 FRA 23 36665 463 465 
JFK 9 LHR 25 28838 379 380 
JFK 9 NCE 16 17097 941 1159 
KIX 20 CDG 15 49699 288 654 
KUL 41 CDG 15 4422 56 913 
LAX 10 CDG 15 49556 348 1144 
LHR 25 CDG 15 26290 189 1363 
LHR 25 DTW 12 21970 388 787 
LHR 25 JFK 9 48664 929 959 
MIA 13 CDG 15 31466 1309 1354 
MUC 22 CDG 15 13516 1086 1315 
NCE 16 CDG 15 5693 80 494 
NCE 16 FCO 43 34594 395 558 
NCE 16 JFK 9 26404 17 380 
NCE 16 ORY 17 39557 1122 1286 
NRT 18 CDG 15 40659 75 686 
ORY 17 NCE 16 48571 334 641 
PEK 8 CDG 15 37633 10 541 
YUL 31 CDG 15 32729 423 1115 
AMD 36 BOM 35 2677 860 869 
AMD 36 DEL 34 30929 1026 1290 
BBI 37 BOM 35 35681 779 1042 
BBI 37 DEL 34 22272 1403 1415 
BDQ 38 DEL 34 14528 430 1230 
BOM 35 AMD 36 26000 1248 1436 
BOM 35 BBI 37 46753 933 1105 
BOM 35 DEL 34 18820 230 884 
BOM 35 FRA 23 8454 667 947 
BOM 35 LHR 25 35418 745 773 
BOM 35 MUC 22 37385 661 1097 
CDG 15 DEL 34 28448 919 1129 
DEL 34 AMD 36 33861 794 1309 
DEL 34 BBI 37 5773 80 111 
DEL 34 BDQ 38 17599 111 529 
DEL 34 BOM 35 24677 210 980 
DEL 34 CDG 15 18868 335 545 
DEL 34 FRA 23 7005 929 1036 
DEL 34 ICN 0 340 638 975 
DEL 34 JFK 9 49152 78 647 
DEL 34 LHR 25 21650 7 296 
DEL 34 MUC 22 215 742 1004 
DEL 34 NRT 18 11061 951 1039 
FRA 23 BOM 35 3536 127 1213 
FRA 23 DEL 34 15754 821 1180 
ICN 0 DEL 34 35608 35 1141 
JFK 9 DEL 34 26834 972 1406 
JFK 9 LHR 25 15847 410 476 
LAX 10 NRT 18 7922 874 1065 
LHR 25 BOM 35 5813 809 1384 
LHR 25 DEL 34 17032 662 999 
LHR 25 JFK 9 24858 104 982 
MUC 22 BOM 35 42481 500 964 
MUC 22 DEL 34 28111 392 1381 
NRT 18 DEL 34 24277 441 561 
NRT 18 LAX 10 14519 1188 1295 
BKI 42 KUL 41 3744 424 939 
KUL 41 BKI 42 32551 642 1114 
BNA 11 LAX 10 3884 167 970 
JFK 9 LAX 10 46051 129 1218 
LAX 10 BNA 11 38778 151 229 
LAX 10 JFK 9 34984 213 1051 
LAX 10 MIA 13 31409 197 1177 
LAX 10 PHX 14 24924 974 1242 
LAX 10 YVR 33 6119 580 1403 
MIA 13 LAX 10 888 35 1197 
PHX 14 LAX 10 44755 1126 1249 
YVR 33 LAX 10 41991 59 385 
ARN 45 LHR 25 15425 356 993 
CDG 15 JFK 9 34303 604 815 
CDG 15 MIA 13 19898 722 1337 
FCO 43 JFK 9 28992 240 1132 
JFK 9 CDG 15 39991 830 1131 
JFK 9 FCO 43 12063 10 953 
JFK 9 LHR 25 38139 622 830 
JFK 9 YUL 31 48798 679 761 
LAX 10 LHR 25 18535 86 409 
LHR 25 ARN 45 32496 37 1408 
LHR 25 JFK 9 15376 91 1347 
LHR 25 LAX 10 44595 58 563 
LHR 25 MIA 13 45038 573 1356 
LHR 25 PHX 14 28536 144 1344 
LHR 25 YUL 31 8746 270 781 
LHR 25 YVR 33 11794 65 313 
LHR 25 YYC 29 22388 296 941 
MIA 13 CDG 15 38774 110 669 
MIA 13 LHR 25 41772 231 478 
PHX 14 LHR 25 38797 454 517 
YUL 31 JFK 9 14087 1077 1299 
YUL 31 LHR 25 26199 392 1225 
YVR 33 LHR 25 5188 568 1307 
YYC 29 LHR 25 26805 490 1036 
ARN 45 CDG 15 30434 276 685 
CDG 15 ARN 45 24906 1153 1419 
CDG 15 DTW 12 14203 194 1212 
CDG 15 DUS 24 11956 291 535 
CDG 15 FCO 43 38598 766 1236 
CDG 15 GOT 46 29929 81 84 
CDG 15 JFK 9 43973 179 902 
CDG 15 LAX 10 1942 416 507 
CDG 15 MIA 13 1563 389 937 
CDG 15 YUL 31 16843 190 446 
DEL 34 FCO 43 32541 451 1312 
DTW 12 CDG 15 24287 240 1274 
DUS 24 CDG 15 49455 485 765 
FCO 43 CDG 15 8744 259 708 
FCO 43 DEL 34 25878 61 786 
FCO 43 FRA 23 26530 1065 1082 
FCO 43 ICN 0 49612 727 1226 
FCO 43 JFK 9 16803 310 945 
FCO 43 KIX 20 4665 820 1300 
FCO 43 LAX 10 6170 216 672 
FCO 43 LHR 25 35794 3 1363 
FCO 43 MIA 13 26600 418 847 
FCO 43 MUC 22 2937 412 525 
FCO 43 NCE 16 48684 877 1035 
FCO 43 NRT 18 26356 911 1014 
FCO 43 PSA 44 22312 354 750 
FRA 23 FCO 43 40329 720 1294 
GOT 46 CDG 15 26497 496 902 
JFK 9 CDG 15 22925 367 453 
JFK 9 FCO 43 4881 565 859 
JFK 9 YUL 31 49096 1246 1253 
KIX 20 FCO 43 19069 660 784 
LAX 10 CDG 15 8891 654 1419 
LAX 10 FCO 43 12769 670 679 
LHR 25 FCO 43 18750 26 1289 
MIA 13 CDG 15 6616 1164 1370 
MIA 13 FCO 43 29138 69 931 
MUC 22 FCO 43 32834 456 1391 
NCE 16 FCO 43 12559 267 867 
NRT 18 FCO 43 18787 105 393 
PSA 44 FCO 43 1771 1287 1384 
YUL 31 CDG 15 38415 1071 1428 
YUL 31 JFK 9 42434 209 353 
JFK 9 LAX 10 4411 386 771 
JFK 9 PHX 14 39602 41 793 
LAX 10 JFK 9 21656 223 469 
PHX 14 JFK 9 36562 469 728 
ARN 45 LHR 25 15149 741 1073 
BOM 35 LHR 25 27418 468 790 
CDG 15 JFK 9 45213 187 393 
CDG 15 LHR 25 47106 1155 1313 
CDG 15 MIA 13 9039 316 735 
DEL 34 LHR 25 28601 38 873 
DUS 24 LHR 25 7595 408 955 
FCO 43 JFK 9 35323 545 712 
FCO 43 LHR 25 25643 1102 1245 
FRA 23 LHR 25 46868 44 1178 
GLA 27 LHR 25 13823 928 1076 
GOT 46 LHR 25 38384 642 1054 
ICN 0 LHR 25 7418 316 959 
JFK 9 CDG 15 9746 22 1359 
JFK 9 FCO 43 48625 210 671 
JFK 9 LHR 25 31180 476 880 
JFK 9 ORY 17 25905 789 1239 
LAX 10 LHR 25 14963 61 834 
LHR 25 ARN 45 42130 29 858 
LHR 25 BOM 35 18338 51 663 
LHR 25 CDG 15 39161 449 1392 
LHR 25 DEL 34 12104 226 958 
LHR 25 DUS 24 8238 594 702 
LHR 25 FCO 43 3221 556 610 
LHR 25 FRA 23 18015 488 1378 
LHR 25 GLA 27 32384 501 1056 
LHR 25 GOT 46 45614 364 1280 
LHR 25 ICN 0 21719 603 1378 
LHR 25 JFK 9 24136 93 1407 
LHR 25 LAX 10 35239 195 1332 
LHR 25 MIA 13 21298 265 1125 
LHR 25 MUC 22 10293 592 1407 
LHR 25 NCE 16 35168 691 1051 
LHR 25 NRT 18 15436 285 660 
LHR 25 ORY 17 42185 629 653 
LHR 25 PEK 8 8075 896 1352 
LHR 25 PHX 14 35164 280 1242 
LHR 25 PSA 44 33593 210 654 
LHR 25 YUL 31 10363 502 788 
LHR 25 YVR 33 17759 991 1093 
LHR 25 YYC 29 4623 662 702 
MIA 13 CDG 15 17579 919 924 
MIA 13 LHR 25 10115 222 785 
MUC 22 LHR 25 18086 5 1359 
NCE 16 LHR 25 43400 619 869 
NRT 18 LHR 25 2759 850 1390 
ORY 17 JFK 9 25975 55 462 
ORY 17 LHR 25 22137 2 1051 
PEK 8 LHR 25 13669 471 1085 
PHX 14 LHR 25 1910 90 1437 
PSA 44 LHR 25 21493 501 1398 
YUL 31 LHR 25 39598 311 1438 
YVR 33 LHR 25 35507 708 1173 
YYC 29 LHR 25 39769 1129 1381 
FCO 43 FRA 23 3854 360 491 
FRA 23 FCO 43 42949 1157 1225 
ARN 45 GOT 46 35791 218 1091 
ARN 45 GOT 46 29103 630 1203 
ARN 45 PEK 8 32512 660 935 
CDG 15 PEK 8 37893 112 1273 
DEL 34 PEK 8 15745 224 236 
DUS 24 PEK 8 24121 858 1341 
FCO 43 PEK 8 1624 109 557 
FRA 23 PEK 8 21577 141 496 
GOT 46 ARN 45 7516 521 1042 
ICN 0 PEK 8 12683 526 950 
JFK 9 PEK 8 23976 596 1368 
KHN 7 PEK 8 23810 464 1218 
KIX 20 PEK 8 15235 737 1220 
LAX 10 PEK 8 26645 204 815 
LHR 25 PEK 8 27020 596 1371 
MUC 22 PEK 8 46543 691 1144 
NGO 19 PEK 8 31436 589 856 
NRT 18 PEK 8 32723 1048 1190 
PEK 8 ARN 45 23181 409 1162 
PEK 8 CDG 15 32979 160 621 
PEK 8 DEL 34 3806 409 571 
PEK 8 DUS 24 39925 400 955 
PEK 8 FCO 43 46706 1207 1212 
PEK 8 FRA 23 15464 121 255 
PEK 8 ICN 0 4182 719 1345 
PEK 8 JFK 9 41037 565 1283 
PEK 8 KHN 7 34232 316 350 
PEK 8 KIX 20 28344 899 1110 
PEK 8 LAX 10 12513 846 1188 
PEK 8 LHR 25 11120 18 54 
PEK 8 MUC 22 1973 599 928 
PEK 8 NGO 19 20046 657 1072 
PEK 8 NRT 18 14123 970 1068 
PEK 8 YVR 33 37505 924 1435 
YVR 33 PEK 8 47670 459 600 
DEL 34 FCO 43 16279 470 821 
FCO 43 DEL 34 39674 566 925 
JFK 9 KIX 20 20716 305 1403 
KIX 20 JFK 9 43396 733 1111 
JFK 9 YVR 33 25653 652 789 
YVR 33 JFK 9 3794 1024 1189 
MUC 22 FRA 23 40179 388 766 
DTW 12 PEK 8 33401 61 983 
ICN 0 PEK 8 9460 214 775 
NRT 18 PEK 8 35938 320 1345 
PEK 8 DTW 12 30091 439 883 
PEK 8 ICN 0 17701 366 1331 
PEK 8 NRT 18 13050 532 617 
ICN 0 KUL 41 32248 900 965 
KIX 20 KUL 41 10189 767 1364 
KUL 41 ICN 0 48673 278 1107 
KUL 41 KIX 20 11035 410 970 
KUL 41 NGO 19 40784 71 215 
KUL 41 OOL 40 44218 946 1278 
KUL 41 PEK 8 14205 150 870 
NGO 19 KUL 41 12193 58 1001 
OOL 40 KUL 41 49477 383 1289 
PEK 8 KUL 41 23307 229 897 
FRA 23 YHZ 30 9950 407 1173 
FRA 23 YVR 33 22818 228 928 
YHZ 30 FRA 23 43119 215 668 
YVR 33 FRA 23 4762 310 1107 
BNA 11 DTW 12 47780 374 717 
BNA 11 JFK 9 46885 667 1132 
BNA 11 LAX 10 12794 384 676 
CDG 15 DTW 12 18306 1187 1406 
CDG 15 JFK 9 13256 577 1338 
CDG 15 LAX 10 31488 308 384 
CDG 15 MIA 13 2589 730 878 
CDG 15 YUL 31 28504 31 1237 
DTW 12 BNA 11 110 517 1427 
DTW 12 CDG 15 20247 31 278 
DTW 12 FRA 23 36920 271 559 
DTW 12 ICN 0 16785 284 415 
DTW 12 JFK 9 39006 74 691 
DTW 12 LAX 10 21602 302 992 
DTW 12 LHR 25 17822 1199 1206 
DTW 12 MIA 13 22909 275 1090 
DTW 12 NGO 19 35753 334 360 
DTW 12 NRT 18 44140 62 1020 
DTW 12 PEK 8 7926 555 685 
DTW 12 PHX 14 20047 614 1347 
DTW 12 YOW 32 23624 644 1225 
DTW 12 YUL 31 3690 903 1134 
FCO 43 JFK 9 21803 162 1338 
FCO 43 LAX 10 36605 233 1223 
FCO 43 MIA 13 39347 427 892 
FRA 23 DTW 12 46047 271 307 
FRA 23 JFK 9 1066 242 783 
ICN 0 DTW 12 11683 993 1136 
ICN 0 JFK 9 47164 209 1232 
ICN 0 LAX 10 34007 255 1299 
JFK 9 BNA 11 36056 167 545 
JFK 9 CDG 15 2656 517 1381 
JFK 9 DTW 12 12085 295 407 
JFK 9 FCO 43 2498 31 377 
JFK 9 FRA 23 32233 551 1415 
JFK 9 ICN 0 4382 138 610 
JFK 9 LAX 10 20567 247 342 
JFK 9 LHR 25 14376 546 563 
JFK 9 MIA 13 12938 231 343 
JFK 9 NCE 16 32916 187 1111 
JFK 9 NRT 18 32130 1083 1088 
JFK 9 PHX 14 10505 15 677 
JFK 9 YUL 31 2301 950 1056 
JFK 9 YYC 29 46886 978 1340 
LAX 10 BNA 11 49184 751 1398 
LAX 10 CDG 15 45311 848 1017 
LAX 10 DTW 12 20317 1094 1232 
LAX 10 FCO 43 36084 387 1353 
LAX 10 ICN 0 36541 624 1439 
LAX 10 JFK 9 36242 1037 1143 
LAX 10 LHR 25 9912 219 840 
LAX 10 MIA 13 21649 383 586 
LAX 10 NRT 18 25480 625 1399 
LAX 10 PHX 14 45625 59 521 
LAX 10 YYC 29 38177 682 804 
LHR 25 DTW 12 12045 437 587 
LHR 25 JFK 9 43480 507 935 
LHR 25 LAX 10 22709 362 395 
LHR 25 MIA 13 620 701 1326 
MIA 13 CDG 15 40631 690 831 
MIA 13 DTW 12 23547 462 1352 
MIA 13 FCO 43 46971 138 1064 
MIA 13 JFK 9 38943 793 812 
MIA 13 LAX 10 12783 222 571 
MIA 13 LHR 25 36744 711 1172 
NCE 16 JFK 9 19884 1145 1379 
NGO 19 DTW 12 19063 186 705 
NRT 18 DTW 12 29564 636 1231 
NRT 18 JFK 9 3546 477 1071 
NRT 18 LAX 10 43862 605 700 
PEK 8 DTW 12 38955 1003 1375 
PHX 14 DTW 12 19730 635 1037 
PHX 14 JFK 9 21128 1057 1186 
PHX 14 LAX 10 23123 665 1084 
YOW 32 DTW 12 42213 884 1376 
YUL 31 CDG 15 24769 1035 1091 
YUL 31 DTW 12 23041 885 1386 
YUL 31 JFK 9 34596 621 1424 
YYC 29 JFK 9 22380 670 1266 
YYC 29 LAX 10 24884 1250 1433 
ARN 45 FCO 43 38222 187 1298 
ARN 45 GOT 46 3878 686 1007 
ARN 45 JFK 9 9956 75 490 
ARN 45 LAX 10 4680 193 1404 
ARN 45 MUC 22 3050 40 1323 
ARN 45 NCE 16 18830 347 1075 
ARN 45 ORY 17 24293 35 828 
ARN 45 PSA 44 28664 599 1160 
FCO 43 ARN 45 26182 125 382 
FCO 43 GOT 46 48296 809 1363 
GOT 46 ARN 45 12724 1331 1376 
GOT 46 FCO 43 36938 806 1005 
GOT 46 NCE 16 31151 197 1104 
JFK 9 ARN 45 12814 426 545 
LAX 10 ARN 45 35291 528 921 
MUC 22 ARN 45 41437 738 908 
NCE 16 ARN 45 48072 102 190 
NCE 16 GOT 46 11230 17 421 
ORY 17 ARN 45 48530 275 698 
PSA 44 ARN 45 16213 560 797 
ARN 45 FRA 23 21701 335 566 
DUS 24 FRA 23 24519 72 1208 
FRA 23 ARN 45 8920 317 464 
FRA 23 DUS 24 23374 1085 1411 
FRA 23 GOT 46 5197 330 402 
FRA 23 JFK 9 32288 70 1249 
FRA 23 MUC 22 8312 657 1000 
GOT 46 FRA 23 37652 6 1261 
JFK 9 FRA 23 21463 43 1314 
MUC 22 FRA 23 33133 729 1106 
CDG 15 JFK 9 3760 306 430 
JFK 9 CDG 15 37398 90 1184 
NGO 19 PEK 8 49286 310 760 
PEK 8 NGO 19 29467 444 936 
DTW 12 LAX 10 14588 457 711 
PSA 44 STN 28 7615 173 1126 
STN 28 PSA 44 683 466 467 
FUK 21 NGO 19 21800 227 1236 
NGO 19 FUK 21 46657 329 980 
AMD 36 BOM 35 25864 88 1165 
AMD 36 DEL 34 6858 742 797 
BOM 35 AMD 36 35697 564 654 
BOM 35 DEL 34 38377 512 586 
DEL 34 AMD 36 10812 938 950 
DEL 34 BOM 35 26054 64 830 
FUK 21 KIX 20 7378 664 735 
FUK 21 NGO 19 27929 398 1309 
FUK 21 NRT 18 6541 638 934 
KIX 20 FUK 21 9155 202 920 
KIX 20 NRT 18 17687 203 1173 
NGO 19 FUK 21 41716 222 674 
NRT 18 FUK 21 35943 193 651 
NRT 18 KIX 20 37729 146 832 
KHN 7 PEK 8 43128 554 1101 
PEK 8 KHN 7 18744 957 1148 
ARN 45 LHR 25 33585 836 1317 
CDG 15 JFK 9 40723 316 1131 
CDG 15 MIA 13 35910 1129 1380 
FCO 43 JFK 9 45000 9 1248 
FCO 43 ORY 17 5538 764 1084 
GLA 27 LHR 25 15705 595 779 
GOT 46 LHR 25 13304 275 549 
JFK 9 CDG 15 24884 179 1155 
JFK 9 FCO 43 45497 565 1272 
JFK 9 LHR 25 20440 1002 1284 
JFK 9 ORY 17 7226 1088 1226 
LAX 10 LHR 25 38926 736 1042 
LHR 25 ARN 45 27979 42 776 
LHR 25 GLA 27 46076 167 734 
LHR 25 GOT 46 18507 641 1179 
LHR 25 JFK 9 13393 67 927 
LHR 25 LAX 10 17430 789 1398 
LHR 25 MIA 13 11176 156 598 
LHR 25 ORY 17 23659 162 250 
LHR 25 PHX 14 22821 565 1302 
LHR 25 YUL 31 16814 378 445 
LHR 25 YVR 33 44597 360 1087 
LHR 25 YYC 29 757 28 478 
MIA 13 CDG 15 1442 1086 1259 
MIA 13 LHR 25 25595 382 496 
ORY 17 FCO 43 34093 183 1416 
ORY 17 JFK 9 33943 924 1078 
ORY 17 LHR 25 41822 86 212 
PHX 14 LHR 25 46062 931 1326 
YUL 31 LHR 25 21803 439 485 
YVR 33 LHR 25 30576 148 914 
YYC 29 LHR 25 31834 842 1161 
DUS 24 FCO 43 12352 91 688 
FCO 43 DUS 24 9770 363 448 
CDG 15 PEK 8 1377 460 1143 
PEK 8 CDG 15 4822 1024 1100 
BKI 42 NRT 18 7485 66 1139 
CDG 15 NRT 18 6468 377 1119 
CJU 1 KIX 20 32169 358 719 
CJU 1 NRT 18 5755 1201 1397 
DEL 34 NRT 18 30164 38 833 
FRA 23 NRT 18 34104 600 937 
FUK 21 ICN 0 11986 1093 1260 
FUK 21 NRT 18 22955 626 935 
ICN 0 FUK 21 45999 560 696 
ICN 0 KIX 20 21879 1066 1164 
ICN 0 NGO 19 17680 301 1187 
ICN 0 NRT 18 44142 412 740 
JFK 9 NRT 18 14542 468 694 
KIX 20 CJU 1 18616 122 1430 
KIX 20 ICN 0 27873 189 730 
KIX 20 KUL 41 11444 852 970 
KIX 20 OOL 40 14234 497 1299 
KUL 41 KIX 20 7130 1204 1233 
KUL 41 NRT 18 247 513 994 
LAX 10 NRT 18 19859 301 423 
LHR 25 NRT 18 43655 296 994 
NGO 19 ICN 0 25439 210 1096 
NGO 19 NRT 18 31253 421 1037 
NRT 18 BKI 42 25642 563 1346 
NRT 18 CDG 15 16285 1249 1269 
NRT 18 CJU 1 33696 436 1298 
NRT 18 DEL 34 7091 995 1283 
NRT 18 FRA 23 35784 220 667 
NRT 18 FUK 21 41898 303 1394 
NRT 18 ICN 0 18650 857 1264 
NRT 18 JFK 9 7875 392 1286 
NRT 18 KUL 41 1577 718 1133 
NRT 18 LAX 10 19722 70 533 
NRT 18 LHR 25 18079 869 1255 
NRT 18 NGO 19 19047 1111 1374 
NRT 18 OOL 40 48364 1176 1424 
NRT 18 PEK 8 47722 476 1136 
NRT 18 YVR 33 2682 367 746 
OOL 40 KIX 20 20137 76 226 
OOL 40 NRT 18 11374 792 965 
PEK 8 NRT 18 8890 362 1213 
YVR 33 NRT 18 34846 511 716 
AKL 39 OOL 40 33118 423 530 
KIX 20 OOL 40 4723 402 1228 
NRT 18 OOL 40 46621 125 1123 
OOL 40 AKL 39 982 482 548 
OOL 40 KIX 20 25462 567 1253 
OOL 40 NRT 18 48938 602 787 
ICN 0 NRT 18 40341 149 919 
NRT 18 ICN 0 37724 492 905 
AKL 39 ICN 0 36728 240 544 
BKI 42 ICN 0 40997 264 506 
BOM 35 ICN 0 1457 599 984 
CDG 15 ICN 0 22831 439 752 
CJU 1 ICN 0 31056 74 1238 
CJU 1 KIX 20 46797 174 684 
CJU 1 NGO 19 21551 551 1184 
CJU 1 NRT 18 33592 1034 1152 
CJU 1 PEK 8 7818 286 1200 
FCO 43 ICN 0 14782 362 1281 
FRA 23 ICN 0 42962 958 1307 
FUK 21 ICN 0 1319 162 518 
ICN 0 AKL 39 23757 161 858 
ICN 0 BKI 42 36775 937 1426 
ICN 0 BOM 35 48228 75 814 
ICN 0 CDG 15 43568 515 804 
ICN 0 CJU 1 24767 1254 1415 
ICN 0 FRA 23 8161 353 465 
ICN 0 FUK 21 25956 90 646 
ICN 0 JFK 9 28885 955 1418 
ICN 0 KIX 20 25913 1056 1143 
ICN 0 KUL 41 8250 571 860 
ICN 0 LAX 10 42868 720 856 
ICN 0 LHR 25 46950 12 663 
ICN 0 NGO 19 43930 565 1001 
ICN 0 NRT 18 8596 958 1018 
ICN 0 PEK 8 11719 410 1211 
ICN 0 YVR 33 13745 27 1152 
JFK 9 ICN 0 13441 841 1002 
KIX 20 CJU 1 20982 427 730 
KIX 20 ICN 0 33191 646 1292 
KUL 41 ICN 0 30588 312 370 
LAX 10 ICN 0 42841 655 1151 
LHR 25 ICN 0 8435 20 1098 
NGO 19 CJU 1 2924 590 801 
NGO 19 ICN 0 48693 409 904 
NRT 18 CJU 1 42656 499 511 
NRT 18 ICN 0 39153 494 545 
PEK 8 CJU 1 7166 350 1343 
PEK 8 ICN 0 38735 1290 1297 
YVR 33 ICN 0 40631 125 630 
DTW 12 FRA 23 10146 396 811 
DTW 12 LHR 25 27994 384 688 
FRA 23 DTW 12 6778 453 1307 
FRA 23 JFK 9 10518 94 390 
JFK 9 FRA 23 3923 311 351 
JFK 9 LHR 25 30455 424 592 
LHR 25 DTW 12 47823 230 815 
LHR 25 JFK 9 47086 797 1268 
CDG 15 FCO 43 3514 674 1402 
FCO 43 CDG 15 16190 118 1300 
JFK 9 LHR 25 27695 512 829 
LHR 25 JFK 9 33771 404 1232 
ARN 45 DUS 24 42336 25 596 
ARN 45 FRA 23 7483 46 1033 
ARN 45 MUC 22 22385 399 824 
BOM 35 FRA 23 5379 38 93 
BOM 35 MUC 22 34462 238 865 
CDG 15 DUS 24 24495 1232 1254 
CDG 15 FRA 23 46372 376 567 
CDG 15 MUC 22 461 705 1149 
CDG 15 YUL 31 25219 335 1168 
DEL 34 FRA 23 218 945 1021 
DEL 34 MUC 22 34736 519 580 
DTW 12 FRA 23 48141 1097 1268 
DUS 24 ARN 45 19682 1161 1222 
DUS 24 CDG 15 6396 443 711 
DUS 24 FCO 43 13823 581 1386 
DUS 24 FRA 23 47349 913 1319 
DUS 24 GLA 27 15106 92 719 
DUS 24 GOT 46 35254 855 1077 
DUS 24 LHR 25 44334 1205 1331 
DUS 24 MUC 22 10967 929 1304 
DUS 24 NCE 16 39956 638 1319 
DUS 24 NRT 18 28404 594 953 
DUS 24 PEK 8 33302 580 1046 
FCO 43 DUS 24 36012 71 138 
FCO 43 FRA 23 1111 1104 1151 
FCO 43 MUC 22 4319 758 1055 
FRA 23 ARN 45 19742 255 802 
FRA 23 BOM 35 15822 853 1011 
FRA 23 CDG 15 10481 943 1425 
FRA 23 DEL 34 38325 109 1331 
FRA 23 DTW 12 47828 232 250 
FRA 23 DUS 24 47158 72 473 
FRA 23 FCO 43 19591 791 1020 
FRA 23 GOT 46 37086 404 1307 
FRA 23 ICN 0 25664 837 1393 
FRA 23 JFK 9 22529 983 1365 
FRA 23 KIX 20 41358 150 1152 
FRA 23 KUL 41 19876 126 1187 
FRA 23 LAX 10 36429 695 1067 
FRA 23 LHR 25 16188 516 609 
FRA 23 MIA 13 338 936 1295 
FRA 23 MUC 22 23917 1099 1327 
FRA 23 NCE 16 44392 113 677 
FRA 23 NGO 19 35826 35 1000 
FRA 23 PEK 8 48851 398 940 
FRA 23 YOW 32 13454 173 1156 
FRA 23 YUL 31 31235 441 1093 
FRA 23 YVR 33 35329 397 1352 
FRA 23 YYC 29 41007 503 805 
GLA 27 DUS 24 3681 308 1218 
GOT 46 DUS 24 15477 97 503 
GOT 46 FRA 23 6331 549 1058 
GOT 46 MUC 22 12891 50 1178 
ICN 0 FRA 23 2288 810 869 
ICN 0 MUC 22 23887 152 159 
JFK 9 FRA 23 4017 246 605 
JFK 9 MUC 22 40570 661 978 
KIX 20 FRA 23 31038 863 1006 
KIX 20 NRT 18 5822 432 1382 
KUL 41 FRA 23 18723 294 947 
LAX 10 FRA 23 28608 1172 1244 
LAX 10 LHR 25 31230 586 902 
LAX 10 MUC 22 33723 1224 1322 
LHR 25 DUS 24 44753 16 1106 
LHR 25 FRA 23 15107 282 833 
LHR 25 LAX 10 35149 329 1193 
LHR 25 MUC 22 8503 199 1065 
LHR 25 YHZ 30 8921 377 1087 
LHR 25 YOW 32 8330 531 991 
LHR 25 YUL 31 37524 14 626 
LHR 25 YVR 33 21058 542 1272 
LHR 25 YYC 29 30676 681 1077 
MIA 13 FRA 23 36965 1013 1228 
MUC 22 ARN 45 23961 584 820 
MUC 22 BOM 35 12659 645 1319 
MUC 22 CDG 15 45565 172 458 
MUC 22 DEL 34 20155 102 595 
MUC 22 DUS 24 6577 294 1322 
MUC 22 FCO 43 3306 566 794 
MUC 22 FRA 23 5469 659 1034 
MUC 22 GOT 46 12876 1209 1330 
MUC 22 ICN 0 24170 184 682 
MUC 22 JFK 9 19573 151 991 
MUC 22 LAX 10 22389 541 1387 
MUC 22 LHR 25 6249 480 994 
MUC 22 NCE 16 28420 498 1332 
MUC 22 PEK 8 15342 367 533 
MUC 22 PSA 44 12443 500 859 
MUC 22 YUL 31 18170 417 977 
MUC 22 YVR 33 22917 115 788 
NCE 16 DUS 24 9825 568 907 
NCE 16 FRA 23 49273 319 693 
NCE 16 MUC 22 36495 637 1108 
NGO 19 FRA 23 16017 748 907 
NRT 18 DUS 24 738 647 1375 
NRT 18 KIX 20 34782 9 739 
PEK 8 DUS 24 29223 674 716 
PEK 8 FRA 23 10307 291 1155 
PEK 8 MUC 22 17402 12 830 
PSA 44 MUC 22 12173 172 265 
YHZ 30 LHR 25 22446 203 1343 
YOW 32 FRA 23 1274 361 480 
YOW 32 LHR 25 49028 200 675 
YUL 31 CDG 15 42601 223 1207 
YUL 31 FRA 23 45170 1059 1420 
YUL 31 LHR 25 37008 337 564 
YUL 31 MUC 22 7346 407 961 
YVR 33 FRA 23 8270 71 1258 
YVR 33 LHR 25 30568 1191 1426 
YVR 33 MUC 22 9621 306 917 
YYC 29 FRA 23 45265 700 935 
YYC 29 LHR 25 12908 844 1254 
FCO 43 GLA 27 24438 1013 1424 
GLA 27 FCO 43 5802 1029 1248 
AKL 39 KUL 41 2221 949 1054 
BKI 42 ICN 0 15652 435 1175 
BKI 42 KUL 41 23362 875 1115 
BKI 42 NRT 18 9224 139 651 
BOM 35 KUL 41 45061 85 408 
CDG 15 KUL 41 4577 375 596 
CDG 15 MIA 13 25318 723 1134 
DEL 34 KUL 41 12803 506 1363 
FRA 23 KUL 41 25283 165 929 
ICN 0 BKI 42 7436 352 362 
ICN 0 KUL 41 34404 44 1371 
JFK 9 LHR 25 20800 174 203 
KIX 20 KUL 41 19522 429 990 
KUL 41 AKL 39 566 42 1044 
KUL 41 BKI 42 21924 561 1037 
KUL 41 BOM 35 9876 513 846 
KUL 41 CDG 15 26375 572 828 
KUL 41 DEL 34 22153 877 1334 
KUL 41 FRA 23 18245 1131 1135 
KUL 41 ICN 0 15359 946 1162 
KUL 41 KIX 20 35048 458 513 
KUL 41 LHR 25 26487 94 714 
KUL 41 NRT 18 24980 234 698 
KUL 41 PEK 8 45887 166 1009 
LAX 10 NRT 18 28665 90 712 
LHR 25 JFK 9 23630 325 1177 
LHR 25 KUL 41 48106 415 443 
MIA 13 LHR 25 26359 894 1230 
NRT 18 BKI 42 33482 352 606 
NRT 18 KUL 41 1285 73 478 
PEK 8 KUL 41 17788 119 706 
FUK 21 KIX 20 1506 446 585 
ICN 0 KIX 20 33651 323 1308 
KIX 20 FUK 21 16213 1005 1255 
KIX 20 ICN 0 21267 878 1002 
KIX 20 NRT 18 22969 165 1252 
NRT 18 KIX 20 43198 1284 1397 
CDG 15 PEK 8 27990 496 718 
CJU 1 PEK 8 18458 250 1004 
DTW 12 PEK 8 25115 362 1238 
KHN 7 PEK 8 32221 625 682 
NRT 18 PEK 8 41496 809 889 
PEK 8 CDG 15 31242 265 782 
PEK 8 CJU 1 32815 1151 1308 
PEK 8 DTW 12 73 878 918 
PEK 8 KHN 7 20831 16 146 
PEK 8 NRT 18 7901 302 540 
AKL 39 NRT 18 15329 228 232 
BOM 35 NRT 18 18092 1062 1146 
CDG 15 NRT 18 49584 196 951 
CJU 1 FUK 21 35467 70 245 
DEL 34 NRT 18 48651 322 978 
DUS 24 NRT 18 21878 68 857 
FRA 23 KIX 20 3915 470 1201 
FRA 23 NGO 19 46497 133 299 
FUK 21 CJU 1 3097 803 1018 
FUK 21 ICN 0 44452 103 1371 
FUK 21 KIX 20 34293 495 935 
FUK 21 NGO 19 43807 449 486 
FUK 21 NRT 18 13768 674 1103 
ICN 0 FUK 21 43982 911 1270 
ICN 0 KIX 20 2405 905 1363 
ICN 0 NGO 19 43008 40 1379 
ICN 0 NRT 18 19308 729 1409 
JFK 9 NRT 18 48184 114 541 
KIX 20 FRA 23 2433 542 1373 
KIX 20 FUK 21 3301 342 431 
KIX 20 ICN 0 1549 147 1020 
KIX 20 NRT 18 3231 33 1190 
KIX 20 PEK 8 19940 139 492 
LAX 10 NRT 18 45594 183 233 
LHR 25 NRT 18 14086 286 289 
NGO 19 FRA 23 22219 375 1269 
NGO 19 FUK 21 23194 290 763 
NGO 19 ICN 0 37459 724 1401 
NGO 19 NRT 18 28275 380 1039 
NGO 19 PEK 8 13706 1191 1384 
NRT 18 AKL 39 17904 242 301 
NRT 18 BOM 35 26420 763 1222 
NRT 18 CDG 15 8688 1329 1416 
NRT 18 DEL 34 40121 664 1341 
NRT 18 DUS 24 30801 682 1176 
NRT 18 FUK 21 18954 982 1268 
NRT 18 ICN 0 8716 712 870 
NRT 18 JFK 9 34667 141 867 
NRT 18 KIX 20 35386 405 863 
NRT 18 LAX 10 36747 433 718 
NRT 18 LHR 25 28094 179 387 
NRT 18 NGO 19 19039 797 1372 
NRT 18 PEK 8 47957 504 1084 
NRT 18 YVR 33 33543 389 1293 
NRT 18 YYC 29 16861 952 1066 
PEK 8 KIX 20 29917 41 191 
PEK 8 NGO 19 7830 57 268 
PEK 8 NRT 18 19173 143 321 
YVR 33 NRT 18 23319 874 957 
YYC 29 NRT 18 3501 816 1181 
DTW 12 LAX 10 46537 631 697 
LAX 10 DTW 12 31108 346 484 
AKL 39 LAX 10 33106 338 1325 
AKL 39 NRT 18 43200 604 1337 
AKL 39 OOL 40 26553 480 724 
LAX 10 AKL 39 29822 512 1354 
LAX 10 LHR 25 17887 157 214 
LHR 25 LAX 10 28557 450 832 
NRT 18 AKL 39 13053 35 256 
OOL 40 AKL 39 2310 1280 1316 
YVR 33 AKL 39 17282 1280 1343 
AMD 36 KUL 41 39157 1065 1197 
BKI 42 KUL 41 20700 606 1029 
BOM 35 KUL 41 20184 1292 1348 
DEL 34 KUL 41 5405 421 1103 
KUL 41 AMD 36 5580 858 1227 
KUL 41 BKI 42 44476 444 1252 
KUL 41 BOM 35 33326 1024 1025 
KUL 41 DEL 34 20909 517 1239 
AKL 39 NRT 18 8583 89 519 
BKI 42 ICN 0 15592 462 886 
CDG 15 ICN 0 1572 746 764 
CJU 1 FUK 21 49799 1076 1099 
CJU 1 ICN 0 25093 262 923 
DEL 34 ICN 0 25987 249 1373 
FRA 23 ICN 0 12538 411 666 
FUK 21 CJU 1 27309 215 469 
FUK 21 ICN 0 21424 63 225 
ICN 0 BKI 42 29021 254 977 
ICN 0 CDG 15 11067 525 547 
ICN 0 CJU 1 48566 348 509 
ICN 0 DEL 34 17941 132 461 
ICN 0 FRA 23 28851 110 1114 
ICN 0 FUK 21 11784 150 166 
ICN 0 JFK 9 41651 558 990 
ICN 0 KHN 7 33377 211 1091 
ICN 0 KIX 20 26907 241 1291 
ICN 0 LAX 10 28735 304 900 
ICN 0 LHR 25 36803 661 1272 
ICN 0 NGO 19 13821 649 1208 
ICN 0 NRT 18 17699 551 1115 
ICN 0 PEK 8 19141 763 1353 
ICN 0 YVR 33 14355 231 1241 
JFK 9 ICN 0 42641 556 970 
KHN 7 ICN 0 25575 48 447 
KIX 20 ICN 0 11077 857 1107 
LAX 10 ICN 0 17846 766 1314 
LHR 25 ICN 0 20929 284 983 
NGO 19 ICN 0 24196 571 888 
NRT 18 AKL 39 7116 300 896 
NRT 18 ICN 0 43054 432 900 
PEK 8 ICN 0 46751 491 1269 
YVR 33 ICN 0 36076 648 1234 
YHZ 30 YOW 32 37370 547 1419 
YHZ 30 YUL 31 44799 710 986 
YOW 32 YHZ 30 25510 91 453 
YUL 31 YHZ 30 8888 414 740 
NRT 18 PEK 8 34509 774 1324 
PEK 8 NRT 18 15342 131 1346 
JFK 9 LAX 10 9271 192 1294 
KIX 20 OOL 40 16161 208 774 
LAX 10 JFK 9 32688 537 1428 
NRT 18 OOL 40 38036 617 830 
OOL 40 KIX 20 34643 209 720 
OOL 40 NRT 18 45596 766 877 
CDG 15 JFK 9 27325 752 1436 
JFK 9 CDG 15 35191 480 1402 
DTW 12 YUL 31 15094 155 1388 
YUL 31 DTW 12 46028 246 548 
AMD 36 BOM 35 4375 904 1362 
AMD 36 DEL 34 12476 771 793 
BDQ 38 BOM 35 36159 339 610 
BOM 35 AMD 36 22384 348 998 
BOM 35 BDQ 38 6029 700 1079 
BOM 35 DEL 34 44308 20 698 
DEL 34 AMD 36 7131 446 1120 
DEL 34 BOM 35 285 594 1094 
CDG 15 JFK 9 4677 693 1332 
JFK 9 CDG 15 40025 30 259 
AMD 36 BOM 35 21496 1055 1182 
AMD 36 DEL 34 49600 969 1365 
BOM 35 AMD 36 24124 638 1388 
BOM 35 DEL 34 29698 266 271 
DEL 34 AMD 36 14838 142 403 
DEL 34 BOM 35 15216 322 839 
ARN 45 CDG 15 42334 598 690 
ARN 45 DUS 24 4686 565 1120 
ARN 45 FCO 43 3555 117 1249 
ARN 45 FRA 23 26676 78 224 
ARN 45 GOT 46 31305 580 1328 
ARN 45 LHR 25 2771 25 733 
ARN 45 MUC 22 43636 109 185 
ARN 45 NCE 16 26920 59 581 
ARN 45 PEK 8 2528 790 848 
CDG 15 ARN 45 6233 952 1020 
DUS 24 ARN 45 6621 1136 1293 
FCO 43 ARN 45 35046 872 1373 
FRA 23 ARN 45 35029 484 1375 
FRA 23 GOT 46 21410 851 1326 
GOT 46 ARN 45 4023 413 1366 
GOT 46 FRA 23 45471 383 1393 
GOT 46 LHR 25 39123 116 347 
GOT 46 MUC 22 38566 621 654 
LHR 25 ARN 45 7399 17 443 
LHR 25 GOT 46 21904 62 330 
MUC 22 ARN 45 40154 536 1362 
MUC 22 GOT 46 10314 528 577 
NCE 16 ARN 45 7806 1332 1395 
PEK 8 ARN 45 39862 510 981 
FRA 23 JFK 9 27689 299 640 
JFK 9 FRA 23 24241 654 659 
LAX 10 NRT 18 37710 203 836 
NRT 18 LAX 10 16173 492 673 
ORY 17 YUL 31 29024 514 519 
YUL 31 ORY 17 22185 796 929 
ARN 45 LHR 25 29677 377 421 
ICN 0 LAX 10 36300 900 1403 
LAX 10 ICN 0 10927 788 1258 
LHR 25 ARN 45 46027 61 1084 
FUK 21 ICN 0 14860 1276 1418 
ICN 0 FUK 21 19974 313 1421 
ICN 0 NGO 19 12349 954 1224 
NGO 19 ICN 0 27865 984 1298 
CDG 15 LAX 10 32421 690 870 
ICN 0 NRT 18 45264 57 901 
LAX 10 CDG 15 459 536 1025 
NRT 18 ICN 0 16166 132 293 
ORY 17 PSA 44 19425 1179 1191 
PSA 44 ORY 17 11660 383 840 
CDG 15 YUL 31 45344 558 1200 
FCO 43 YUL 31 26908 37 514 
FRA 23 YYC 29 29053 206 260 
GLA 27 YYC 29 18524 283 1281 
NCE 16 YUL 31 39760 52 833 
YUL 31 CDG 15 19552 111 209 
YUL 31 FCO 43 18509 357 451 
YUL 31 NCE 16 25391 58 1312 
YVR 33 YYC 29 33521 1125 1402 
YYC 29 FRA 23 39708 15 561 
YYC 29 GLA 27 8386 19 571 
YYC 29 YVR 33 13326 936 1224 
FUK 21 ICN 0 25706 158 652 
ICN 0 FUK 21 12364 466 640 
BFS 26 CDG 15 44823 742 919 
BFS 26 GLA 27 24123 241 760 
BFS 26 NCE 16 25685 1080 1436 
BFS 26 STN 28 33694 1242 1372 
CDG 15 BFS 26 16771 574 1328 
CDG 15 GLA 27 17350 75 1249 
CDG 15 NCE 16 28771 244 1133 
FCO 43 NCE 16 37688 263 291 
FCO 43 ORY 17 24643 555 761 
GLA 27 BFS 26 36421 1262 1392 
GLA 27 CDG 15 34605 176 1424 
GLA 27 STN 28 40178 392 880 
MUC 22 STN 28 26256 270 641 
NCE 16 BFS 26 30704 19 403 
NCE 16 CDG 15 31978 217 711 
NCE 16 FCO 43 22193 361 1340 
NCE 16 ORY 17 46396 240 349 
NCE 16 STN 28 20050 773 967 
ORY 17 FCO 43 13737 205 627 
ORY 17 NCE 16 16639 1425 1439 
ORY 17 PSA 44 39081 173 1130 
PSA 44 ORY 17 39143 1065 1413 
STN 28 BFS 26 48198 765 1134 
STN 28 GLA 27 32479 978 1183 
STN 28 MUC 22 30330 729 1384 
STN 28 NCE 16 7826 164 1020 
AKL 39 LAX 10 1608 70 860 
DTW 12 FRA 23 6722 1022 1152 
FRA 23 DTW 12 36241 419 649 
FRA 23 JFK 9 22586 674 761 
FRA 23 LAX 10 41839 276 285 
FRA 23 MIA 13 22315 713 1198 
GOT 46 ARN 45 44647 737 1233 
ICN 0 JFK 9 20532 574 691 
ICN 0 LAX 10 23183 400 497 
ICN 0 NRT 18 28135 1023 1143 
JFK 9 FRA 23 1544 41 170 
JFK 9 ICN 0 36348 432 1354 
JFK 9 LAX 10 20095 931 1418 
JFK 9 MUC 22 20539 83 994 
JFK 9 NRT 18 14453 4 737 
JFK 9 PEK 8 15950 906 1170 
LAX 10 AKL 39 24071 185 230 
LAX 10 FRA 23 563 370 379 
LAX 10 ICN 0 9844 819 894 
LAX 10 JFK 9 9914 751 965 
LAX 10 LHR 25 18225 233 715 
LAX 10 MUC 22 37025 591 606 
LAX 10 NRT 18 22009 158 1284 
LAX 10 PEK 8 12888 63 266 
LAX 10 PHX 14 25519 694 1150 
LAX 10 YUL 31 41068 175 1393 
LAX 10 YVR 33 19811 208 670 
LHR 25 LAX 10 35787 117 913 
MIA 13 FRA 23 29082 28 1230 
MUC 22 JFK 9 38550 763 977 
MUC 22 LAX 10 18575 293 1406 
NRT 18 ICN 0 23131 66 1290 
NRT 18 JFK 9 9698 131 789 
NRT 18 LAX 10 29621 1012 1265 
PEK 8 JFK 9 36889 166 322 
PEK 8 LAX 10 47179 721 1125 
PHX 14 LAX 10 22940 540 719 
YUL 31 LAX 10 30072 757 1154 
YVR 33 LAX 10 2832 116 934 
LAX 10 LHR 25 43131 228 577 
LHR 25 LAX 10 27798 834 963 
BNA 11 JFK 9 10631 1210 1276 
BNA 11 LAX 10 10443 68 627 
BNA 11 MIA 13 45137 825 903 
CDG 15 JFK 9 43811 382 1157 
CDG 15 MIA 13 38125 1234 1408 
DTW 12 MIA 13 25907 746 918 
DTW 12 PHX 14 3659 222 449 
DTW 12 YUL 31 8957 578 1108 
FCO 43 JFK 9 22514 572 584 
FRA 23 JFK 9 40754 477 561 
JFK 9 BNA 11 34509 52 301 
JFK 9 CDG 15 6164 485 756 
JFK 9 FCO 43 13757 652 1057 
JFK 9 FRA 23 17277 800 1077 
JFK 9 LAX 10 46347 1044 1437 
JFK 9 LHR 25 13014 423 965 
JFK 9 MIA 13 11159 496 749 
JFK 9 PEK 8 44124 514 695 
JFK 9 PHX 14 21256 48 167 
JFK 9 YUL 31 21960 924 1092 
LAX 10 AKL 39 1917 126 426 
LAX 10 BNA 11 9164 267 1105 
LAX 10 JFK 9 2808 652 920 
LAX 10 LHR 25 26012 349 1300 
LAX 10 MIA 13 3280 1047 1088 
LAX 10 NRT 18 20323 64 363 
LAX 10 PEK 8 20166 161 273 
LAX 10 PHX 14 36337 852 1421 
LHR 25 JFK 9 43445 797 1163 
LHR 25 LAX 10 42633 707 1005 
LHR 25 MIA 13 11058 1203 1405 
MIA 13 BNA 11 40566 442 674 
MIA 13 CDG 15 22602 776 1070 
MIA 13 DTW 12 11543 293 943 
MIA 13 JFK 9 10898 146 1012 
MIA 13 LAX 10 30873 1087 1176 
MIA 13 LHR 25 30041 26 1125 
MIA 13 PHX 14 3568 51 818 
MIA 13 YUL 31 26497 448 713 
NRT 18 LAX 10 15460 452 544 
PEK 8 JFK 9 10685 293 1355 
PEK 8 LAX 10 48057 430 586 
PHX 14 DTW 12 46360 366 605 
PHX 14 JFK 9 14387 732 1374 
PHX 14 LAX 10 25283 248 1419 
PHX 14 MIA 13 22845 732 1280 
PHX 14 YVR 33 44268 362 1426 
PHX 14 YYC 29 39924 362 978 
YUL 31 DTW 12 35518 215 1152 
YUL 31 JFK 9 20377 405 1433 
YUL 31 MIA 13 48631 205 618 
YVR 33 PHX 14 8041 1 24 
YYC 29 PHX 14 35694 369 581 
CDG 15 GOT 46 34719 810 993 
AKL 39 OOL 40 16737 92 450 
OOL 40 AKL 39 13636 814 1243 
BOM 35 LHR 25 29134 105 1156 
DEL 34 LHR 25 30338 90 610 
DTW 12 LHR 25 19375 597 1370 
JFK 9 LHR 25 13076 214 361 
LAX 10 LHR 25 30351 748 1400 
LHR 25 BOM 35 21240 453 1168 
LHR 25 DEL 34 3964 223 496 
LHR 25 DTW 12 49263 362 1069 
LHR 25 JFK 9 24256 274 808 
LHR 25 LAX 10 21411 667 1351 
LHR 25 MIA 13 30763 630 841 
LHR 25 NRT 18 46830 299 1187 
LHR 25 PEK 8 9638 526 1035 
MIA 13 LHR 25 18315 866 1113 
NRT 18 LHR 25 2448 8 651 
PEK 8 LHR 25 12727 125 245 
JFK 9 LAX 10 29484 1310 1437 
LAX 10 JFK 9 12634 278 318 
FCO 43 ORY 17 35407 475 860 
ORY 17 FCO 43 27544 175 335 
BNA 11 DTW 12 25088 1370 1381 
BNA 11 LAX 10 644 930 1170 
BNA 11 PHX 14 28261 965 1000 
DTW 12 BNA 11 38229 334 1366 
DTW 12 PHX 14 4628 822 1026 
LAX 10 BNA 11 27666 418 1348 
LAX 10 PHX 14 12294 149 332 
PHX 14 BNA 11 19529 797 1207 
PHX 14 DTW 12 47040 351 522 
PHX 14 LAX 10 18158 327 328 
JFK 9 YUL 31 43914 351 924 
JFK 9 YYC 29 24305 1172 1244 
LAX 10 YVR 33 32524 51 1160 
LAX 10 YYC 29 9646 600 992 
MIA 13 YUL 31 23790 976 1188 
PHX 14 YYC 29 2434 230 691 
YHZ 30 YOW 32 32469 222 951 
YHZ 30 YYC 29 1968 439 1283 
YOW 32 YHZ 30 6463 160 173 
YOW 32 YYC 29 19883 103 408 
YUL 31 JFK 9 28446 290 636 
YUL 31 MIA 13 23366 849 1276 
YUL 31 YVR 33 35253 873 1221 
YUL 31 YYC 29 37873 1296 1300 
YVR 33 LAX 10 24227 76 779 
YVR 33 YUL 31 34333 19 1317 
YVR 33 YYC 29 43794 291 1284 
YYC 29 JFK 9 38187 106 1027 
YYC 29 LAX 10 28317 485 1208 
YYC 29 PHX 14 17655 513 1084 
YYC 29 YHZ 30 34664 364 1388 
YYC 29 YOW 32 26121 701 898 
YYC 29 YUL 31 48749 12 1351 
YYC 29 YVR 33 4387 494 797 
MUC 22 DUS 24 31599 362 1284 
BKI 42 ICN 0 38044 362 798 
ICN 0 BKI 42 17492 282 637 
ICN 0 KIX 20 5363 259 751 
ICN 0 NRT 18 4060 703 1159 
KIX 20 ICN 0 18415 68 1297 
NRT 18 ICN 0 12664 359 506 
KHN 7 PEK 8 4755 92 936 
PEK 8 KHN 7 46809 617 1385 
ICN 0 CJU 1 2698 1024 1305 
CJU 1 AER 2 3733 789 1134 
AER 2 KZN 3 32440 189 1183 
KZN 3 CEK 4 41081 409 1159 
CEK 4 EGO 5 4241 4 1316 
EGO 5 JJN 6 27847 843 1052 
JJN 6 KHN 7 39204 635 1179 
KHN 7 PEK 8 49950 154 873 
PEK 8 JFK 9 44570 1201 1428 
JFK 9 LAX 10 15202 773 1191 
LAX 10 BNA 11 30098 853 1187 
BNA 11 DTW 12 41154 426 1052 
DTW 12 MIA 13 14504 46 1056 
MIA 13 PHX 14 31570 622 969 
PHX 14 CDG 15 33321 137 787 
CDG 15 NCE 16 38163 242 502 
NCE 16 ORY 17 16767 688 774 
ORY 17 NRT 18 45949 219 750 
NRT 18 NGO 19 30507 79 151 
NGO 19 KIX 20 39941 263 1373 
KIX 20 FUK 21 27842 496 856 
FUK 21 MUC 22 49704 316 1412 
MUC 22 FRA 23 34571 376 1018 
FRA 23 DUS 24 9165 384 796 
DUS 24 LHR 25 49868 12 219 
LHR 25 BFS 26 7268 86 478 
BFS 26 GLA 27 598 184 959 
GLA 27 STN 28 32148 1394 1438 
STN 28 YYC 29 17480 968 983 
YYC 29 YHZ 30 3588 306 346 
YHZ 30 YUL 31 31296 707 1223 
YUL 31 YOW 32 38998 107 2651